16
0
5
0
0
0
9
1
4
15
0
2
5
0
3
0
2
0
0
0
0
0
0
0
1
0
3
0
2
1
0
0
1
0
2
3
0
0
1
0
0
0
11
2
0
0
7132
2
0
0
1
6
0
0
0
40
0
0
111
0
0
1
0
0
0
0
5
8
0
0
17
0
0
0
21
3
1
3
0
0
0
0
0
1
0
0
1
0
36
25
0
0
0
0
0
50
1
4
0
1
10
0
0
1
22
0
2
1
0
0
33
182
0
0
0
2
13
5
0
0
4
3
0
3
2
0
4
3
0
0
0
0
2
33
6
0
2
5
11
0
0
0
0
1
10
1
0
4
1
0
0
3
0
1
5
59
0
54
2
1
1
0
4
3
12
0
0
0
12
1
1
1
1
1
0
0
0
60
6
2
0
7
0
7
6
11
0
3
2
2
0
0
39
0
0
10
2
0
28
4
0
0
0
0
0
52
1
2
1
2
8
1
0
1
36
0
0
0
0
0
0
0
3
115
0
0
17
70
0
0
0
1
0
0
899
0
0
11
1
78
0
0
0
0
0
8
2
0
1
10
0
0
26
8
30
1
6
0
0
3
70
0
0
0
24
0
1
0
1
0
14006
0
0
0
18
0
0
0
0
0
0
10
0
1
23
4
0
17
0
4
0
21
43
7
0
2
0
19
0
0
0
81
32
0
0
4
0
0
0
0
0
0
4
1
17
0
7028
8
0
3
0
0
0
1
0
1
0
32
0
0
0
0
60
0
0
1
13
29
3
0
255
0
0
0
1
113
10
0
0
0
5
0
4
3
0
0
16
0
0
0
0
0
3
2
17
1
0
7
6
0
34
0
0
140
4
1
1222
11
365
0
0
10
0
0
0
2
0
8
12
0
2
0
22
0
1
0
0
1
0
17
63
1
6
0
0
5
1
36
47
0
84
2
0
0
0
3
4
4
2
4
1
0
0
7
12
2
1
8
0
2
0
7
0
0
0
92
0
0
3
0
0
1
0
0
5
35
1
7
0
0
37
29
6
92
2
66
14
31
1
0
0
0
2
0
4
2
0
31
15
93
0
22
4
3
4
5
1
10
0
0
1
0
0
1
498
2
13
0
0
3
2
10
16
23
8
37
11
2
0
0
9
0
1
0
4
1
31
2
163
0
1
0
9
0
0
0
0
1
26
0
1
0
0
2
4
0
93
3
12
5
0
14
3
11
0
81
0
2
113
0
0
0
0
7
1
10
37
0
9
4
0
2
0
0
0
0
1
3
2
0
0
2
0
1
0
6
29
0
12
1
0
0
0
1
4
16
38
0
123
260
0
18
0
0
2
0
8
5
4
0
3
0
0
9
0
3
2
0
4
5
1
1
2
14
10
36
2
0
23
86
3
0
16
0
0
4
0
1
0
0
0
66
32
0
2
0
7
2
0
1
1
4
25
0
0
2
3
4
0
1
7
2
11
0
20
2
0
0
24
0
6
6
0
60
12
0
35
0
49
0
0
0
0
61
9
43
1
0
8
2
1
335
160
0
418
174
9
0
44
1
2
16
1
7
0
1
3
4
0
0
1
0
2
29
1
6
163
0
1
1
7
0
0
0
8
0
6
0
1
0
17
0
0
0
0
5
0
5
0
2
2
0
2
0
1
0
1
0
0
27
3
0
0
0
0
3
2
1
13
2
4
74
0
5
46
0
0
0
0
0
0
6
2
115
0
140
17
0
1
0
13
18
4
2
0
190
792
15
21
12
134
0
1
0
1
0
2
0
8
21
5
169
0
0
3
41
4
1
0
3
101
3877
0
4
0
5
2
6
0
0
23
3
10
7
1
0
0
47
3
0
23
1
1
0
0
2
0
0
11
1
0
2
24
3
2
0
0
0
0
2
0
4
0
0
0
88
18
0
1
0
89
5
0
0
1
39
0
0
5
15
106
31
0
35
1
72
247
0
5
2
3
4
2
4
1
4
54
45
1
0
3
17
0
1
0
1
5
7
1
66
0
0
11
2
0
1
0
0
9
0
0
0
5
0
2
0
1
7
22
0
11
0
75
10
5
34
1
3
68
4
0
71
3
186
2
1
0
2
4
3
31
4
2
9
0
16
11
2
1
0
1
0
3
1
1
12
0
0
0
0
0
1
3
0
25
1
0
1
0
2
0
3
3
0
37
13
2
0
0
3
0
13
0
0
14
0
1
127
31
0
6
5
0
1
0
3
157
5
5
8
0
71
1
0
2
5
0
1
1
0
3
1
4
0
4
3
0
2
5
0
