1	185
2	323
3	10
4	8
5	0
6	0
7	12
8	7
9	715
10	29
11	2287
12	166
13	1796
14	96
15	8
16	8
17	603
18	8
19	981
20	0
21	20
22	9
23	10
24	9
25	9
26	373
27	1721
28	0
29	9
30	0
31	65
32	27
33	1266
34	81
35	15
36	46
37	10
38	10
39	10
40	530
41	2417
42	3196
43	232
44	1470
45	0
46	27
47	462
48	300
49	201
50	491
51	130
52	12
53	16
54	33
55	2233
56	730
57	0
58	739
59	998
60	15
61	207
62	12
63	452
64	47
65	12
66	40
67	2527
68	17
69	908
70	24
71	472
72	519
73	21
74	16
75	1220
76	709
77	17
78	341
79	355
80	17
81	0
82	3040
83	0
84	18
85	1516
86	2287
87	42
88	1473
89	159
90	17
91	11
92	17
93	17
94	24
95	557
96	2342
97	1426
98	22
99	20
100	19
101	22
102	19
103	148
104	1790
105	3829
106	20
107	22
108	157
109	557
110	2287
111	65
112	1604
113	43
114	2295
115	0
116	26
117	104
118	4379
119	24
120	1163
121	384
122	44
123	25
124	502
125	496
126	296
127	1153
128	31
129	42
130	26
131	0
132	61
133	269
134	32
135	141
136	1020
137	29
138	1306
139	801
140	1769
141	30
142	647
143	0
144	40
145	105
146	1401
147	0
148	419
149	680
150	2422
151	66
152	1823
153	32
154	31
155	837
156	33
157	1847
158	207
159	32
160	135
161	1669
162	32
163	2462
164	46
165	4986
166	0
167	46
168	494
169	33
170	879
171	208
172	1679
173	36
174	37
175	18
176	44
177	494
178	130
179	341
180	36
181	924
182	583
183	48
184	622
185	37
186	39
187	39
188	994
189	130
190	39
191	494
192	40
193	44
194	270
195	44
196	2287
197	1913
198	1179
199	1940
200	57
201	73
202	713
203	0
204	0
205	42
206	43
207	45
208	46
209	2215
210	2370
211	1384
212	131
213	46
214	57
215	1207
216	1408
217	47
218	49
219	48
220	269
221	51
222	2073
223	458
224	1416
225	2287
226	1518
227	53
228	111
229	208
230	58
231	53
232	5130
233	1871
234	58
235	5732
236	3606
237	557
238	60
239	610
240	54
241	2287
242	1701
243	1885
244	55
245	0
246	867
247	136
248	0
249	568
250	728
251	0
252	59
253	2287
254	704
255	3216
256	66
257	2287
258	0
259	0
260	418
261	62
262	683
263	1975
264	62
265	2311
266	1139
267	1262
268	69
269	0
270	544
271	2079
272	931
273	1902
274	0
275	855
276	62
277	63
278	814
279	2287
280	65
281	66
282	86
283	168
284	65
285	817
286	2539
287	117
288	94
289	0
290	2287
291	550
292	879
293	1928
294	240
295	0
296	1856
297	103
298	532
299	67
300	941
301	105
302	1228
303	285
304	83
305	151
306	687
307	942
308	944
309	0
310	2402
311	74
312	1896
313	1724
314	72
315	98
316	4986
317	424
318	1697
319	2516
320	94
321	1723
322	1621
323	75
324	89
325	222
326	1723
327	303
328	489
329	76
330	4986
331	1959
332	0
333	80
334	0
335	544
336	893
337	79
338	2033
339	119
340	469
341	129
342	0
343	79
344	72
345	80
346	76
347	156
348	1998
349	0
350	1269
351	1990
352	78
353	456
354	88
355	530
356	0
357	1541
358	2287
359	2
360	149
361	492
362	644
363	96
364	1979
365	1172
366	99
367	487
368	106
369	203
370	91
371	88
372	1060
373	0
374	471
375	92
376	351
377	4750
378	2626
379	3647
380	0
381	1950
382	1220
383	0
384	93
385	105
386	2287
387	90
388	89
389	3376
390	0
391	790
392	178
393	92
394	0
395	95
396	92
397	2287
398	212
399	149
400	99
401	933
402	91
403	437
404	229
405	94
406	306
407	2404
408	662
409	95
410	93
411	93
412	550
413	911
414	97
415	96
416	1081
417	828
418	95
419	95
420	235
421	1204
422	102
423	107
424	1862
425	2369
426	2529
427	3202
428	102
429	0
430	171
431	0
432	101
433	0
434	365
435	102
436	236
437	156
438	101
439	1759
440	1506
441	109
442	362
443	544
444	2215
445	620
446	1359
447	445
448	107
449	323
450	97
451	278
452	106
453	107
454	214
455	922
456	123
457	902
458	2763
459	537
460	2287
461	2287
462	1176
463	109
464	110
465	121
466	457
467	0
468	561
469	2568
470	2201
471	638
472	505
473	114
474	2607
475	1638
476	117
477	117
478	899
479	117
480	3406
481	656
482	147
483	164
484	120
485	4621
486	1325
487	368
488	121
489	162
490	402
491	192
492	527
493	155
494	130
495	127
496	124
497	522
498	838
499	2287
500	0
501	368
502	128
503	215
504	128
505	2031
506	215
507	2281
508	292
509	384
510	2287
511	2644
512	453
513	2427
514	135
515	4986
516	1215
517	523
518	203
519	563
520	1130
521	150
522	135
523	137
524	549
525	135
526	0
527	612
528	362
529	144
530	660
531	135
532	545
533	136
534	1913
535	137
536	137
537	0
538	231
539	1646
540	0
541	137
542	2
543	138
544	432
545	1773
546	549
547	137
548	0
549	156
550	138
551	0
552	138
553	217
554	211
555	2
556	564
557	326
558	361
559	242
560	35
561	145
562	135
563	144
564	156
565	149
566	242
567	179
568	177
569	266
570	149
571	1000
572	0
573	143
574	384
575	594
576	1325
577	145
578	144
579	231
580	4315
581	879
582	736
583	2400
584	2287
585	145
586	145
587	390
588	146
589	2287
590	146
591	297
592	2283
593	148
594	151
595	328
596	577
597	2600
598	1310
599	148
600	149
601	1194
602	156
603	149
604	151
605	149
606	149
607	543
608	0
609	551
610	149
611	210
612	4986
613	550
614	151
615	150
616	155
617	0
618	2102
619	168
620	345
621	544
622	603
623	152
624	1480
625	557
626	152
627	289
628	152
629	0
630	161
631	256
632	155
633	484
634	217
635	10
636	155
637	160
638	1590
639	158
640	2248
641	674
642	158
643	523
644	164
645	165
646	158
647	1456
648	0
649	424
650	0
651	555
652	338
653	160
654	4986
655	161
656	165
657	492
658	165
659	166
660	0
661	206
662	0
663	178
664	286
665	278
666	2767
667	169
668	177
669	167
670	693
671	174
672	171
673	1746
674	544
675	1626
676	171
677	1280
678	1113
679	855
680	171
681	171
682	169
683	761
684	175
685	170
686	2317
687	761
688	224
689	171
690	171
691	1992
692	178
693	211
694	370
695	493
696	2397
697	5286
698	1030
699	3100
700	1475
701	168
702	176
703	0
704	176
705	177
706	173
707	174
708	173
709	1846
710	176
711	619
712	288
713	1397
714	194
715	1800
716	838
717	0
718	180
719	1747
720	184
721	178
722	0
723	260
724	3282
725	179
726	0
727	1323
728	0
729	1076
730	182
731	442
732	4986
733	520
734	181
735	0
736	933
737	1295
738	263
739	870
740	2439
741	184
742	866
743	185
744	2076
745	857
746	0
747	1024
748	185
749	0
750	192
751	0
752	315
753	187
754	616
755	2038
756	498
757	340
758	187
759	1072
760	2773
761	1796
762	205
763	2391
764	1159
765	205
766	4986
767	857
768	1466
769	191
770	1729
771	1301
772	0
773	4682
774	681
775	202
776	196
777	1683
778	0
779	191
780	2238
781	397
782	191
783	0
784	217
785	192
786	1266
787	2497
788	191
789	602
790	253
791	257
792	2052
793	192
794	213
795	2283
796	440
797	2984
798	198
799	544
800	1354
801	525
802	2321
803	208
804	196
805	1992
806	195
807	195
808	710
809	624
810	196
811	201
812	197
813	199
814	198
815	225
816	1975
817	199
818	198
819	200
820	198
821	0
822	493
823	198
824	200
825	323
826	0
827	487
828	4053
829	199
830	207
831	983
832	200
833	212
834	712
835	203
836	376
837	880
838	0
839	2189
840	218
841	2173
842	206
843	581
844	4621
845	204
846	509
847	915
848	0
849	209
850	206
851	1920
852	205
853	205
854	680
855	1621
856	750
857	2013
858	205
859	1084
860	206
861	2406
862	535
863	256
864	213
865	331
866	207
867	210
868	207
869	557
870	207
871	226
872	962
873	2292
874	582
875	1009
876	3437
877	491
878	207
879	208
880	2173
881	207
882	258
883	955
884	2574
885	3500
886	207
887	233
888	822
889	213
890	208
891	0
892	2
893	1821
894	1783
895	1284
896	229
897	1285
898	4621
899	5322
900	1760
901	217
902	209
903	211
904	210
905	1167
906	786
907	1797
908	486
909	514
910	1621
911	215
912	262
913	1790
914	1444
915	221
916	212
917	544
918	2457
919	3253
920	231
921	1554
922	213
923	2287
924	227
925	213
926	234
927	351
928	215
929	1701
930	214
931	3696
932	0
933	747
934	215
935	218
936	303
937	0
938	214
939	0
940	355
941	177
942	885
943	557
944	284
945	217
946	222
947	217
948	2071
949	0
950	218
951	4986
952	4489
953	1906
954	739
955	3670
956	914
957	218
958	232
959	336
960	219
961	0
962	219
963	0
964	0
965	675
966	693
967	223
968	404
969	1830
970	0
971	810
972	231
973	381
974	557
975	225
976	222
977	2243
978	1947
979	267
980	283
981	229
982	1380
983	296
984	4986
985	225
986	242
987	0
988	227
989	236
990	557
991	319
992	259
993	544
994	290
995	2539
996	374
997	0
998	233
999	253
1000	0
