4452.20396127
3504.56967732
3429.66525348
3384.11171539
3352.90301874
3331.062324
3314.29957861
3301.0855497
3290.38316535
3281.95005157
3274.84039694
3268.52477293
3263.2542729
3258.4053407
3254.62592669
3250.60989568
3246.72159829
3242.95080742
3239.00754244
3234.65647026
3230.61902622
3227.24754612
3224.39027923
3222.01894773
3219.99828061
3218.80894057
3217.79517748
3216.61924014
3214.52615046
3212.28040556
3209.85227828
3207.33293287
3204.31340586
3201.30900473
3198.67462009
3196.28633249
3193.94305192
3191.23678525
3188.20833938
3185.23350995
3182.27711112
3179.23136853
3175.75962833
3171.92861792
3168.03817005
3164.45113063
3161.94863335
3160.23339362
3158.7971349
3157.41562979
3156.21456809
3154.94676047
3153.66909536
3152.21730984
3150.40653584
3148.41686871
3146.29233035
3144.06878297
3142.02113722
3140.02585408
3137.99422811
3135.8616136
3134.01347162
3132.05776731
3130.04157118
3128.13884602
3126.22752066
3124.28671825
3122.33624555
3120.31589526
3118.51508587
3117.14382427
3115.86369291
3114.64083457
3113.54410341
3112.6438884
3111.77367344
3110.91935596
3110.11901477
3109.53097839
3109.1761053
3108.78542113
3108.29003055
3107.81909565
3107.25811642
3106.60561097
3106.04807349
3105.46856148
3104.6770403
3103.83403884
3103.01107708
3102.16954944
3101.37629974
3100.65601415
3099.91058525
3099.26674551
3098.62849976
3098.04551775
3097.40263051
3096.79129044
3096.19744296
3095.67617588
3095.20338351
3094.71414162
3094.11864988
3093.46107762
3092.83417744
3092.26287582
3091.76636017
3091.30724932
3090.87093409
3090.47926183
3090.12772677
3089.781538
3089.41465062
3089.04690791
3088.68222492
3088.31570847
3087.94099752
3087.58350652
3087.2122117
3086.78548177
3086.29136023
3085.73023338
3085.11197211
3084.46296452
3083.80939305
3083.10965933
3082.42398959
3081.76100357
3081.11807667
3080.59401012
3080.10388796
3079.63166407
3079.17195447
3078.69072629
3078.21211277
3077.76057573
3077.28826095
3076.87206186
3076.48949914
3076.11118079
3075.76980234
3075.40513901
3075.03357934
3074.66814917
3074.28211236
3073.8650342
3073.43486692
3072.98787722
3072.49512628
3071.9711346
3071.44722358
3070.88331557
3070.27724637
3069.66157647
3069.04689557
3068.3817062
3067.67958259
3067.02388478
3066.37444894
3065.72505305
3065.1375626
3064.59647846
3064.02038694
3063.41283706
3062.81902661
3062.28849672
3061.82052351
3061.39694008
3060.96441267
3060.52778499
3060.12586881
3059.72522674
3059.28294173
3058.88479506
3058.46392127
3057.98839104
3057.50574769
3057.05271354
3056.59964038
3056.16590478
3055.77507192
3055.50468115
3055.23046735
3054.97938851
3054.74922243
3054.57101868
3054.43911557
3054.26451558
3054.06587879
3053.873209
3053.70078714
3053.53032078
3053.31263013
3053.11732702
3052.93474331
3052.74332958
3052.60940531
3052.5005479
3052.39551258
3052.25824964
3052.08652095
3051.89630597
3051.7442357
3051.60321817
3051.47121305
3051.35735181
3051.29098292
3051.27081081
3051.26636841
3051.28242212
